1 2 3 7 88 4 66 36 63 25 76 34 22 9 3 3 2 4
7 6 22 2 4 6 34 76 34 65 23 76 22 4 7 123 3 4
1 2 4 45 5 6 88 44 12 32 65 98 45 8 2 1 23 45
1 2 3 7 88 4 66 36 63 25 76 34 22 9 3 45 65 85
7 6 22 2 4 6 34 76 34 65 23 76 22 4 7 4 5 6
1 2 4 45 5 6 88 44 12 32 65 98 45 8 2 88 55 22
1 2 3 7 88 4 66 36 63 25 76 34 22 9 3 4 2 6
7 6 22 2 4 6 34 76 34 65 23 76 22 4 7 1 1 1
1 2 4 45 5 6 88 44 12 32 65 98 45 8 2 2 6 8
1 2 3 7 88 4 66 36 63 25 76 34 22 9 3 2 1 3
7 6 22 2 4 6 34 76 34 65 23 76 22 4 7 5 6 9
1 2 4 45 5 6 88 44 12 32 65 98 45 8 2 55 55 55
1 2 3 7 88 4 66 36 63 25 76 34 22 9 3 66 66 66
7 6 22 2 4 6 34 76 34 65 23 76 22 4 7 88 88 8
1 2 4 45 5 6 88 44 12 32 65 98 45 8 6 22 22 22
1 2 4 45 5 6 88 44 12 32 65 98 45 8 2 2 6 8
1 2 3 7 88 4 66 36 63 25 76 34 22 9 3 2 1 3
7 6 22 2 4 6 34 76 34 65 23 76 22 4 7 5 6 9